# Created by Octave 3.8.1, Fri Aug 01 12:00:38 2014 CEST <mpingaro@mpingaro-Mac>
# name: A
# type: sparse matrix
# nnz: 501
# rows: 75
# columns: 75
1 1 1.333333333333333
15 1 -0.6666666666666667
49 1 4.163336342344337e-17
51 1 -1.148386941096646e-15
2 2 1.333333333333333
16 2 -0.6666666666666667
50 2 4.163336342344337e-17
51 2 -6.938893903907228e-18
3 3 1.333333333333333
9 3 -3.049055999700247e-17
11 3 -1.429980755455228e-17
17 3 -0.6666666666666666
52 3 -1.52655665885959e-16
54 3 1.311450947838466e-15
4 4 1.333333333333333
10 4 -3.049055999700247e-17
12 4 -1.429980755455228e-17
18 4 -0.6666666666666666
53 4 -1.52655665885959e-16
54 4 1.040834085586084e-17
5 5 1.333333333333332
11 5 6.619461931974043e-17
13 5 -1.244617825787475e-17
19 5 -0.6666666666666665
55 5 -6.938893903907228e-17
57 5 -1.174407793236298e-15
6 6 1.333333333333332
12 6 6.619461931974043e-17
14 6 -1.244617825787475e-17
20 6 -0.6666666666666665
56 6 -6.938893903907228e-17
57 6 6.938893903907228e-18
7 7 1.333333333333333
9 7 -0.6666666666666666
8 8 1.333333333333333
10 8 -0.6666666666666666
51 8 -1.242062008799394e-15
3 9 -3.049055999700247e-17
7 9 -0.6666666666666666
9 9 2.666666666666665
11 9 -0.6666666666666669
17 9 3.049055999700247e-17
52 9 1.387778780781446e-17
54 9 -5.898059818321144e-17
4 10 -3.049055999700247e-17
8 10 -0.6666666666666666
10 10 2.666666666666665
12 10 -0.6666666666666669
18 10 3.049055999700247e-17
51 10 1.249000902703301e-15
53 10 1.387778780781446e-17
54 10 1.266348137463069e-15
3 11 -1.429980755455228e-17
5 11 6.619461931974043e-17
9 11 -0.6666666666666669
11 11 2.666666666666666
13 11 -0.6666666666666671
17 11 1.429980755455228e-17
19 11 -6.619461931974042e-17
52 11 -1.387778780781446e-16
54 11 1.110223024625157e-16
55 11 -2.706168622523819e-16
57 11 -1.283695372222837e-16
4 12 -1.429980755455228e-17
6 12 6.619461931974043e-17
10 12 -0.6666666666666669
12 12 2.666666666666666
14 12 -0.6666666666666671
18 12 1.429980755455228e-17
20 12 -6.619461931974042e-17
53 12 -1.387778780781446e-16
54 12 -1.262878690511116e-15
56 12 -2.706168622523819e-16
57 12 -1.354819034737886e-15
5 13 -1.244617825787475e-17
11 13 -0.6666666666666671
13 13 1.333333333333333
19 13 1.244617825787473e-17
55 13 1.387778780781446e-16
57 13 1.665334536937735e-16
6 14 -1.244617825787475e-17
12 14 -0.6666666666666671
14 14 1.333333333333333
20 14 1.244617825787473e-17
56 14 1.387778780781446e-16
57 14 1.346145417358002e-15
1 15 -0.6666666666666667
15 15 2.666666666666665
29 15 -0.6666666666666667
49 15 8.326672684688674e-17
51 15 1.137978600240785e-15
58 15 -1.006139616066548e-16
60 15 1.118896642005041e-15
2 16 -0.6666666666666667
16 16 2.666666666666665
30 16 -0.6666666666666667
50 16 8.326672684688674e-17
59 16 -1.006139616066548e-16
60 16 6.938893903907228e-18
3 17 -0.6666666666666666
9 17 3.049055999700247e-17
11 17 1.429980755455228e-17
17 17 2.666666666666665
23 17 -3.049055999700247e-17
25 17 -1.429980755455228e-17
31 17 -0.6666666666666666
52 17 -1.387778780781446e-16
54 17 -1.27675647831893e-15
61 17 1.561251128379126e-16
63 17 -1.39645239816133e-15
4 18 -0.6666666666666666
10 18 3.049055999700247e-17
12 18 1.429980755455228e-17
18 18 2.666666666666665
24 18 -3.049055999700247e-17
26 18 -1.429980755455228e-17
32 18 -0.6666666666666666
53 18 -1.387778780781446e-16
62 18 1.561251128379126e-16
63 18 -1.734723475976807e-17
5 19 -0.6666666666666665
11 19 -6.619461931974042e-17
13 19 1.244617825787473e-17
19 19 2.666666666666664
25 19 6.619461931974043e-17
27 19 -1.244617825787476e-17
33 19 -0.6666666666666665
55 19 -2.775557561562891e-17
57 19 1.1518563880486e-15
64 19 1.214306433183765e-16
66 19 1.31492039479042e-15
6 20 -0.6666666666666665
12 20 -6.619461931974042e-17
14 20 1.244617825787473e-17
20 20 2.666666666666664
26 20 6.619461931974043e-17
28 20 -1.244617825787476e-17
34 20 -0.6666666666666665
56 20 -2.775557561562891e-17
57 20 2.775557561562891e-17
65 20 1.214306433183765e-16
66 20 2.081668171172169e-17
21 21 1.333333333333333
23 21 -0.6666666666666669
22 22 1.333333333333333
24 22 -0.6666666666666669
60 22 1.214306433183765e-15
17 23 -3.049055999700247e-17
21 23 -0.6666666666666669
23 23 2.666666666666665
25 23 -0.6666666666666669
31 23 3.049055999700247e-17
61 23 -1.387778780781446e-17
63 23 5.551115123125783e-17
18 24 -3.049055999700247e-17
22 24 -0.6666666666666669
24 24 2.666666666666665
26 24 -0.6666666666666669
32 24 3.049055999700247e-17
60 24 -1.221245327087672e-15
62 24 -1.387778780781446e-17
63 24 -1.271552307891e-15
17 25 -1.429980755455228e-17
19 25 6.619461931974043e-17
23 25 -0.6666666666666669
25 25 2.666666666666666
27 25 -0.6666666666666671
31 25 1.429980755455228e-17
33 25 -6.619461931974042e-17
61 25 1.387778780781446e-16
63 25 -1.110223024625157e-16
64 25 2.636779683484747e-16
66 25 1.595945597898663e-16
18 26 -1.429980755455228e-17
20 26 6.619461931974043e-17
24 26 -0.6666666666666669
26 26 2.666666666666666
28 26 -0.6666666666666671
32 26 1.429980755455228e-17
34 26 -6.619461931974042e-17
62 26 1.387778780781446e-16
63 26 1.27675647831893e-15
65 26 2.636779683484747e-16
66 26 1.32012456521835e-15
19 27 -1.244617825787476e-17
25 27 -0.6666666666666671
27 27 1.333333333333333
33 27 1.244617825787473e-17
64 27 -1.110223024625157e-16
66 27 -1.665334536937735e-16
20 28 -1.244617825787476e-17
26 28 -0.6666666666666671
28 28 1.333333333333333
34 28 1.244617825787473e-17
65 28 -1.110223024625157e-16
66 28 -1.318389841742373e-15
15 29 -0.6666666666666667
29 29 2.666666666666665
43 29 -0.6666666666666669
58 29 -8.326672684688674e-17
60 29 -1.124100812432971e-15
67 29 9.367506770274758e-17
69 29 -1.229918944467556e-15
16 30 -0.6666666666666667
30 30 2.666666666666665
44 30 -0.6666666666666669
59 30 -8.326672684688674e-17
68 30 9.367506770274758e-17
69 30 3.469446951953614e-18
17 31 -0.6666666666666666
23 31 3.049055999700247e-17
25 31 1.429980755455228e-17
31 31 2.666666666666665
37 31 -3.049055999700246e-17
39 31 -1.429980755455229e-17
45 31 -0.6666666666666669
61 31 1.942890293094024e-16
63 31 1.457167719820518e-15
70 31 -1.491862189340054e-16
72 31 1.226449497515603e-15
18 32 -0.6666666666666666
24 32 3.049055999700247e-17
26 32 1.429980755455228e-17
32 32 2.666666666666665
38 32 -3.049055999700246e-17
40 32 -1.429980755455229e-17
46 32 -0.6666666666666669
62 32 1.942890293094024e-16
71 32 -1.491862189340054e-16
72 32 1.040834085586084e-17
19 33 -0.6666666666666665
25 33 -6.619461931974042e-17
27 33 1.244617825787473e-17
33 33 2.666666666666664
39 33 6.619461931974043e-17
41 33 -1.244617825787476e-17
47 33 -0.6666666666666666
64 33 1.110223024625157e-16
66 33 -1.304512053934559e-15
73 33 -2.081668171172169e-17
75 33 -1.254205073131232e-15
20 34 -0.6666666666666665
26 34 -6.619461931974042e-17
28 34 1.244617825787473e-17
34 34 2.666666666666664
40 34 6.619461931974043e-17
42 34 -1.244617825787476e-17
48 34 -0.6666666666666666
65 34 1.110223024625157e-16
66 34 -2.775557561562891e-17
74 34 -2.081668171172169e-17
75 34 -1.387778780781446e-17
35 35 1.333333333333332
37 35 -0.6666666666666666
36 36 1.333333333333332
38 36 -0.6666666666666666
69 36 -1.325328735646281e-15
31 37 -3.049055999700246e-17
35 37 -0.6666666666666666
37 37 2.666666666666664
39 37 -0.6666666666666666
45 37 3.049055999700245e-17
70 37 2.081668171172169e-17
72 37 -5.551115123125783e-17
32 38 -3.049055999700246e-17
36 38 -0.6666666666666666
38 38 2.666666666666664
40 38 -0.6666666666666666
46 38 3.049055999700245e-17
69 38 1.332267629550188e-15
71 38 2.081668171172169e-17
72 38 1.524821935383613e-15
31 39 -1.429980755455229e-17
33 39 6.619461931974043e-17
37 39 -0.6666666666666666
39 39 2.666666666666665
41 39 -0.6666666666666669
45 39 1.429980755455229e-17
47 39 -6.619461931974043e-17
70 39 -1.665334536937735e-16
72 39 1.110223024625157e-16
73 39 -9.367506770274758e-17
75 39 -1.35308431126191e-16
32 40 -1.429980755455229e-17
34 40 6.619461931974043e-17
38 40 -0.6666666666666666
40 40 2.666666666666665
42 40 -0.6666666666666669
46 40 1.429980755455229e-17
48 40 -6.619461931974043e-17
