# Created by Octave 3.8.1, Fri Aug 01 09:50:32 2014 CEST <mpingaro@mpingaro-Mac>
# name: A
# type: sparse matrix
# nnz: 576
# rows: 84
# columns: 84
1 1 1.333333333333334
15 1 -0.6666666666666666
49 1 2.780978572425319e-17
51 1 -5.41071094178891e-16
2 2 1.333333333333334
16 2 -0.6666666666666666
50 2 2.780978572425319e-17
52 2 -5.41071094178891e-16
3 3 1.333333333333334
9 3 -3.414337965374799e-17
11 3 8.59247612720111e-17
17 3 -0.6666666666666667
53 3 -2.778268066994105e-17
55 3 4.925530469601647e-16
4 4 1.333333333333334
10 4 -3.414337965374799e-17
12 4 8.59247612720111e-17
18 4 -0.6666666666666667
54 4 -2.778268066994105e-17
56 4 4.925530469601647e-16
5 5 1.333333333333333
11 5 -7.030705986544394e-18
13 5 2.019640991683711e-17
19 5 -0.6666666666666666
57 5 1.111578277340763e-16
59 5 -5.200917821412965e-16
6 6 1.333333333333333
12 6 -7.030705986544394e-18
14 6 2.019640991683711e-17
20 6 -0.6666666666666666
58 6 1.111578277340763e-16
60 6 -5.200917821412965e-16
7 7 1.333333333333334
9 7 -0.6666666666666665
49 7 1.740144486839235e-17
51 7 6.391371806802049e-16
8 8 1.333333333333334
10 8 -0.6666666666666665
50 8 1.740144486839235e-17
52 8 6.391371806802049e-16
3 9 -3.414337965374799e-17
7 9 -0.6666666666666665
9 9 2.666666666666668
11 9 -0.6666666666666665
17 9 3.414337965374798e-17
49 9 -6.938893903907228e-18
51 9 -6.557254739192331e-16
53 9 -1.491591138796933e-16
55 9 -5.746813615259416e-16
4 10 -3.414337965374799e-17
8 10 -0.6666666666666665
10 10 2.666666666666668
12 10 -0.6666666666666665
18 10 3.414337965374798e-17
50 10 -6.938893903907228e-18
52 10 -6.557254739192331e-16
54 10 -1.491591138796933e-16
56 10 -5.746813615259416e-16
3 11 8.59247612720111e-17
5 11 -7.030705986544394e-18
9 11 -0.6666666666666665
11 11 2.666666666666668
13 11 -0.6666666666666665
17 11 -8.592476127201112e-17
19 11 7.030705986544394e-18
53 11 1.89084858881472e-16
55 11 6.453171330633722e-16
57 11 6.594659714143081e-17
59 11 5.441610703704747e-16
4 12 8.59247612720111e-17
6 12 -7.030705986544394e-18
10 12 -0.6666666666666665
12 12 2.666666666666668
14 12 -0.6666666666666665
18 12 -8.592476127201112e-17
20 12 7.030705986544394e-18
54 12 1.89084858881472e-16
56 12 6.453171330633722e-16
58 12 6.594659714143081e-17
60 12 5.441610703704747e-16
5 13 2.019640991683711e-17
11 13 -0.6666666666666665
13 13 1.333333333333334
19 13 -2.019640991683711e-17
57 13 -4.250072516143177e-17
59 13 -5.464378949326942e-16
6 14 2.019640991683711e-17
12 14 -0.6666666666666665
14 14 1.333333333333334
20 14 -2.019640991683711e-17
58 14 -4.250072516143177e-17
60 14 -5.464378949326942e-16
1 15 -0.6666666666666666
15 15 2.666666666666667
29 15 -0.6666666666666666
49 15 5.551115123125783e-17
51 15 5.585809592645319e-16
61 15 -1.09314684040851e-16
63 15 5.099002817199327e-16
2 16 -0.6666666666666666
16 16 2.666666666666667
30 16 -0.6666666666666666
50 16 5.551115123125783e-17
52 16 5.585809592645319e-16
62 16 -1.09314684040851e-16
64 16 5.099002817199327e-16
3 17 -0.6666666666666667
9 17 3.414337965374798e-17
11 17 -8.592476127201112e-17
17 17 2.666666666666667
23 17 -3.414337965374799e-17
25 17 8.59247612720111e-17
31 17 -0.6666666666666667
53 17 -1.656660919557851e-16
55 17 -6.713379852030243e-16
65 17 1.092875789865388e-16
67 17 -5.168933857324642e-16
4 18 -0.6666666666666667
10 18 3.414337965374798e-17
12 18 -8.592476127201112e-17
18 18 2.666666666666667
24 18 -3.414337965374799e-17
26 18 8.59247612720111e-17
32 18 -0.6666666666666667
54 18 -1.656660919557851e-16
56 18 -6.713379852030243e-16
66 18 1.092875789865388e-16
68 18 -5.168933857324642e-16
5 19 -0.6666666666666666
11 19 7.030705986544394e-18
13 19 -2.019640991683711e-17
19 19 2.666666666666667
25 19 -7.030705986544394e-18
27 19 2.019640991683709e-17
33 19 -0.6666666666666666
57 19 1.084202172485504e-16
59 19 5.551115123125783e-16
69 19 1.626303258728257e-18
71 19 5.166765452979671e-16
6 20 -0.6666666666666666
12 20 7.030705986544394e-18
14 20 -2.019640991683711e-17
20 20 2.666666666666667
26 20 -7.030705986544394e-18
28 20 2.019640991683709e-17
34 20 -0.6666666666666666
58 20 1.084202172485504e-16
60 20 5.551115123125783e-16
70 20 1.626303258728257e-18
72 20 5.166765452979671e-16
21 21 1.333333333333334
23 21 -0.6666666666666665
61 21 3.987153489315443e-17
63 21 -6.38974550354332e-16
22 22 1.333333333333334
24 22 -0.6666666666666665
62 22 3.987153489315443e-17
64 22 -6.38974550354332e-16
17 23 -3.414337965374799e-17
21 23 -0.6666666666666665
23 23 2.666666666666667
25 23 -0.6666666666666665
31 23 3.414337965374798e-17
61 23 1.994931997373328e-17
63 23 6.418476861114186e-16
65 23 1.439278383974507e-16
67 23 5.988590699723684e-16
18 24 -3.414337965374799e-17
22 24 -0.6666666666666665
24 24 2.666666666666667
26 24 -0.6666666666666665
32 24 3.414337965374798e-17
62 24 1.994931997373328e-17
64 24 6.418476861114186e-16
66 24 1.439278383974507e-16
68 24 5.988590699723684e-16
17 25 8.59247612720111e-17
19 25 -7.030705986544394e-18
23 25 -0.6666666666666665
25 25 2.666666666666668
27 25 -0.6666666666666665
31 25 -8.592476127201112e-17
33 25 7.030705986544394e-18
65 25 -1.665334536937735e-16
67 25 -6.158268339717665e-16
69 25 -7.480994990149981e-17
71 25 -5.337527295146138e-16
18 26 8.59247612720111e-17
20 26 -7.030705986544394e-18
24 26 -0.6666666666666665
26 26 2.666666666666668
28 26 -0.6666666666666665
32 26 -8.592476127201112e-17
34 26 7.030705986544394e-18
66 26 -1.665334536937735e-16
68 26 -6.158268339717665e-16
70 26 -7.480994990149981e-17
72 26 -5.337527295146138e-16
19 27 2.019640991683709e-17
25 27 -0.6666666666666665
27 27 1.333333333333333
33 27 -2.01964099168371e-17
69 27 8.500145032286355e-17
71 27 5.516420653606247e-16
20 28 2.019640991683709e-17
26 28 -0.6666666666666665
28 28 1.333333333333333
34 28 -2.01964099168371e-17
70 28 8.500145032286355e-17
72 28 5.516420653606247e-16
15 29 -0.6666666666666666
29 29 2.666666666666668
43 29 -0.6666666666666667
61 29 -6.331740687315346e-17
63 29 -5.048045315092509e-16
73 29 1.09314684040851e-16
75 29 -5.099002817199327e-16
16 30 -0.6666666666666666
30 30 2.666666666666668
44 30 -0.6666666666666667
62 30 -6.331740687315346e-17
64 30 -5.048045315092509e-16
74 30 1.09314684040851e-16
76 30 -5.099002817199327e-16
17 31 -0.6666666666666667
23 31 3.414337965374798e-17
25 31 -8.592476127201112e-17
31 31 2.666666666666667
37 31 -3.414337965374799e-17
39 31 8.592476127201112e-17
45 31 -0.6666666666666667
65 31 6.245004513516506e-17
67 31 5.898059818321144e-16
77 31 -1.092875789865388e-16
79 31 4.891378101168353e-16
18 32 -0.6666666666666667
24 32 3.414337965374798e-17
26 32 -8.592476127201112e-17
32 32 2.666666666666667
38 32 -3.414337965374799e-17
40 32 8.592476127201112e-17
46 32 -0.6666666666666667
66 32 6.245004513516506e-17
68 32 5.898059818321144e-16
78 32 -1.092875789865388e-16
80 32 4.891378101168353e-16
19 33 -0.6666666666666666
25 33 7.030705986544394e-18
27 33 -2.01964099168371e-17
33 33 2.666666666666667
39 33 -7.030705986544394e-18
41 33 2.019640991683709e-17
47 33 -0.6666666666666667
69 33 5.030698080332741e-17
71 33 -6.123573870198129e-16
81 33 -1.626303258728257e-18
83 33 -4.611653940667093e-16
20 34 -0.6666666666666666
26 34 7.030705986544394e-18
28 34 -2.01964099168371e-17
34 34 2.666666666666667
40 34 -7.030705986544394e-18
42 34 2.019640991683709e-17
48 34 -0.6666666666666667
70 34 5.030698080332741e-17
72 34 -6.123573870198129e-16
82 34 -1.626303258728257e-18
84 34 -4.611653940667093e-16
35 35 1.333333333333334
37 35 -0.6666666666666665
73 35 -2.599374708533997e-17
75 35 5.487689296035381e-16
36 36 1.333333333333334
38 36 -0.6666666666666665
74 36 -2.599374708533997e-17
76 36 5.487689296035381e-16
31 37 -3.414337965374799e-17
35 37 -0.6666666666666665
37 37 2.666666666666667
39 37 -0.6666666666666665
45 37 3.414337965374798e-17
73 37 3.556183125752455e-17
75 37 -5.585809592645319e-16
77 37 -1.578056262052652e-16
79 37 -5.849812821645539e-16
32 38 -3.414337965374799e-17
36 38 -0.6666666666666665
38 38 2.666666666666667
40 38 -0.6666666666666665
46 38 3.414337965374798e-17
